51,52
51,51
51,50
51,49
51,48
51,47
51,46
51,45
51,44
51,43
51,42
51,41
51,40
51,39
51,38
51,37
51,36
51,35
48,1
48,3
26,1
26,3
10,296
10,290
10,152
10,286
10,132
10,230
8,6
8,15
8,17
8,7
8,12
8,1
8,8
8,2
8,3
20,3
20,2
20,1
19,3
19,2
19,1
12,3
12,2
12,1
11,30
11,29
11,28
11,27
11,26
11,25
11,24
11,23
11,22
11,21
11,20
11,19
11,18
11,17
11,16
11,15
11,14
11,13
11,12
11,11
11,10
11,9
11,8
11,7
11,6
11,5
11,4
11,3
11,2
11,1
11,0
10,308
10,268
10,242
10,224
10,194
10,86
10,35
10,34
10,31
10,30
10,29
10,28
10,27
10,26
10,25
10,24
18,1
10,23
18,3
10,22
10,21
10,20
10,19
14,1
10,18
14,3
10,17
13,1
10,16
13,3
