52,52
52,51
52,50
52,49
52,48
52,47
52,46
52,45
52,44
52,43
52,42
52,41
52,40
52,39
52,38
52,37
52,36
52,35
48,2
26,1
26,3
10,123
10,85
10,145
10,147
10,185
10,107
10,33
11,7
11,19
11,12
11,26
8,7
8,11
8,16
8,15
21,3
21,2
21,1
21,0
20,3
20,2
20,1
19,2
19,3
19,1
12,3
12,2
12,1
11,27
11,24
11,23
11,21
11,17
11,13
11,5
11,4
11,3
11,2
11,1
10,233
10,211
10,197
10,151
10,77
10,27
10,21
10,7
10,3
10,2
10,1
9,7
9,5
9,3
9,2
9,1
8,18
8,14
8,13
8,9
8,5
8,3
8,2
8,1
7,16
7,15
7,14
7,13
7,12
7,11
7,10
18,1
7,9
18,3
7,8
7,7
7,6
7,5
7,4
7,1
6,8
6,7
6,6
6,5
